MASCHINENPARAMETER MH500W 
SERIE       561
FABRIK_NR   53543
TISCH,NR    81178991
STEUERUNG   232           
NR          3813898
PLC-NR      25013403      
NC-NR       24294005
DATE        05.11.90


10        7
30        7
40        7
50        7

110.0     0
110.1     1
110.2     2
110.3     0

120.0     0
120.1     1
120.2     2
120.3     0

210       0

310.0     0
310.1     0
310.2     0
310.3     0
330.0     20
330.1     20
330.2     20
330.3     20

410.3     1
710.0     +0
710.1     +0
710.2     +0
710.3     +0

720.0     +0.05
720.1     +0
720.2     +0
720.3     +0

730       0
910.0     +505.2
910.1     +389.2
910.2     +381.4
910.3     +1000

911.0     +0
911.1     +0
911.2     +0
911.3     +0
912.0     +0
912.1     +0
912.2     +0
912.3     +0
920.0     +4.3
920.1     +57.2 (was +7.2 but corrected)
920.2     +30.5
920.3     +1000
921.0     +0
921.1     +0
921.2     +0
921.3     +3
922.0     +0
922.1     +0
922.2     +0
922.3     +0
950.0     +4.6
950.1     +388.5
950.2     +380.8
950.3     +0
1010.0    4000
1010.1    2000
1010.2    4000
1010.3    4000
1020.0    1501
1020.1    1500
1020.2    1501
1020.3    1500
1030.0    0.01
1030.1    0.01
1030.2    0.01
1030.3    0.01
1040      1
1050.0    9
1050.2    9
1050.3    9
1060.0    0.25
1060.1    0.25
1060.2    0.25
1060.3    0.25
1070      0.15
1080.0    0
1080.1    0
1080.2    0
1080.3    0
1110      0.2
1140      0.5
1150      0
1220      300
1320      0
1330.0    1000
1330.1    1000
1330.2    1000
1330.3    100
1331.0    100
1331.1    100
1331.2    100
1331.3    100
1340.0    3
1340.1    2
1340.2    1
1340.3    0
1350      0
1390      1
1410      0.5
1420      10
1510.0    0.92
1510.1    1.84
1510.2    0.92
1510.3    0.92
1520      0.4
1530      0.1
1710      10
1720      15
1810.0    1
1810.1    1
1810.2    1
1810.3    1
1820      0.8
1830      75
3010      2
3020      01991
3030      0
3110      0
3120      0
3130      0
3210.0    0      same up to 3210.6

3240.0    0
3240.1    0
3240.2    0
3310.0    0
3310.1    0

3410      0
3410.1    0

3510.0    0         same up to 3510.7

2520.0    0
4010      0
4060.0    1
4060.1    1
4060.2    1
4060.3    1

4110.0    100
4110.1    70
4110.2    70
4110.3    100
4110.4    50
4110.5    20
4110.6    20
4110.7    10
4110.8    10
4110.9    5
4110.10   500
4110.11   750
4110.12   500
4110.13   0         same up to 4110.47

4120.0    65535
4120.1    22
4120.2    65535
4120.3    58000
4120.4    0         same up to 4120.31

4210.0    +100
4210.1    +100
4210.2    +100
4210.3    +100
4210.4    +100
4210.5    +100
4210.6    +1
4210.7    +0        same up to 4210.47

4220.0    4000
4220.1    2000
4220.2    4000
4220.3    7200
4310.0    0
4310.1    27
4310.2    0
4310.3    0
4310.4    0
4310.5    0
4310.6    0

5010.0    515
5010.1    17736
5010.2    16712
5010.3    279
5010.4    5382
5010.5    4

5020      168 (232 or 228)
5030      0

5110.0    0         same up to 5110.3
5120.0    0         same up to 5120.3

7110.0    100
7110.1    100
7120.0    1.5
7120.0    0.5
7120.0    0

7210      0
7230      0
7240      0

7245.0    0
7245.1    0
7250      10
7251      10
7260      99
7261      0
7264      0

7270      1
7280      0 
7290      1
7300      1
7310      0
7330.0    0         same up to 7330.15

7410      0
7430      1.2
7440      0
7460      15
7470      0
7480.0    0
7480.1    0
7620      0
7680      1
7690      1








